 6






  | |     | |     | |     | |     | |     | |     | |     | |     | |     | |
  727     727     727     727     727     727     727     727     727     727
  | |     | |     | |     | |     | |     | |     | |     | |     | |     | |
  727     727     727     727     727     727     727     727     727     727
  | |     | |     | |     | |     | |     | |     | |     | |     | |     | |
  727     727     727     727     727     727     727     727     727     727
  | |     | |     | |     | |     | |     | |     | |     | |     | |     | |
  727     727     727     727     727     727     727     727     727     727
  | |     | |     | |     | |     | |     | |     | |     | |     | |     | |
  727     727     727     727     727     727     727     727     727     727
  | |     | |     | |     | |     | |     | |     | |     | |     | |     | |
  727     727     727     727     727     727     727     727     727     727
  | |     | |     | |     | |     | |     | |     | |     | |     | |     | |
  727     727     727     727     727     727     727     727     727     727
  | |     | |     | |     | |     | |     | |     | |     | |     | |     | |
  727     727     727     727     727     727     727     727     727     727
  |1|     |2|     |3|     |4|     |5|     |6|     |7|     |8|     |9|     |0|
  737     737     737     737     737     737     737     737     737     737
 /111\   /222\   /333\   /444\   /555\   /666\   /777\   /888\   /999\   /000\
 71237   72347   73457   74567   75677   76707   77017   70127   70767   75437
 |1+1|   |2+2|   |3+3|   |4+4|   |5+5|   |6+6|   |7+7|   |8+8|   |9+9|   |0+0|
 70647   71657   72667   73677   74607   75617   76627   77637   71657   76627
 |111|   |222|   |333|   |444|   |555|   |666|   |777|   |888|   |999|   |000|
 77657   70767   71077   72107   73217   74327   75437   76547   72347   77017
 +-"-+   +-#-+   +-$-+   +-%-+   +-&-+   +-'-+   +-(-+   +-)-+   +-*-+   +-!-+
 77777   77777   77777   77777   77777   77777   77777   77777   77777   77777
 
 
 
 
 
 
 
 
 
 
 
 
 
 
 ~~~~~~~~~~~~~~~~~~~~~~~~~~~~~~~~~~~~~~~~~~~~~~~~~~~~~~~~~~~~~~~~~~~~~~~~~~~~~~~